4099.5 97.33333333333333 5.410821970904279E-4 1.0 0.0 
4357.166666666667 110.83333333333333 4.948918411745695E-4 1.0 0.0 
4133.5 108.66666666666667 5.357695694892976E-4 1.0 0.0 
4463.0 112.5 4.8619654730832143E-4 1.0 0.0 
4385.166666666667 107.16666666666667 5.040675125358142E-4 1.0 0.0 
4001.3333333333335 92.33333333333333 5.697874675018441E-4 1.0 0.0 
4238.5 102.5 5.285114571479578E-4 1.0 0.0 
4545.833333333333 126.66666666666667 4.810003827569575E-4 1.0 0.0 
4429.666666666667 92.16666666666667 5.095743886401591E-4 1.0 0.0 
4639.833333333333 104.66666666666667 4.7541645149805047E-4 1.0 0.0 
4380.0 122.16666666666667 4.8419920075134116E-4 1.0 0.0 
4624.333333333333 126.33333333333333 4.705319412540473E-4 1.0 0.0 
4305.5 78.66666666666667 5.154395040425701E-4 1.0 0.0 
